' 116 6666666111166116616616- 1616666 21¹⁰ 66 1, 161 1616666161 pat 66616166 61 111111 61661 m
61611116 1711· 61161166 1661111161 17 1· vtae, 6111 184 1111616111 876 6166111161 6611 1111· 66 616 1161116661 1811 161 666 6
6616166 16116 1811 111 6611166166 6166- 416661166166611116 61666116611111811· 161. 16 616 ad 1166 6666 16 1166611711
111616 ducere 166611 difluere 1711 1111 11666166 66166611. 6666611666616616161111 1111 adeo 1611

1711 1116 1, 140 1, 148 repere 116 6 16 Hm 1, 471. . 661166 6 66661.

18 7611. 11166666 1661166116 6111611616- 1166161 vander, 6. 6111666666 1166161116 6666, 61 66166161 616116 66666666 m

6611661 111· 1166161116 611166 1611661716 6661116616 161· 1811616 666666666661166616116661 mm
111616 wit· 1111666 6 1111. 666161116661116 Η6 70 1611666116· 16 76 1· Suc. 06166 6ο 1048.
111166 (1111 witon 61166) 1116616116. 6166 6166 wardon 6 11661666, 66666 16116 66811111 1911 1011
6116661 111· 6716111166 medae 61766616 116116 116116, 61. 6116616 1161611111 116116 666166 16661616 8011·
1111· 6661666116 6616116666 1161 l, 66. 666661111111116616661161111 111161- 6661611161. 11111661 omnam Μ 66 1611
6661166116661 life 6161161111 6116 6111611 eyn, 6 66666 6116661661 1111· ¹²· 11 1811 6666 v 66.
11181. 1161616161 1161666166 6 11661186. 611 66 6616 comparat 66 666 61 la 66
11116, 6 supplicium 66666 17 11· 11116166 pu· wyln v 116616. quominus 66111 61611 6666 616666 qm
6116 = 6611116166 111111 6611166666 66- 1111161166 6 11661166. 1111· 16161 66 6 161.
611616 6661166616 1111 661666 6 116616. 6616 6661166166 61166116 66616611 11666611
11118 6. qen 661661 apud. 6 dat 16616 666116 1661 (16111161) 6 11661166. 6616 6111116 6116611811 6666 66 qumis
11116666 αᾶς 1616 66611111 Β 1017 11616166 11611666 1111666 maledicere. 6116116611 1811· 6616 66..6666 6661666666 m
11611, 414. 6161611166161711 166116166166166101·11 1411·
111116, m. 116661 61661161 1111111· 6611611611 616116161611011 16116666 61671- 66661 6 6666666.
11616 116666. 6661161011· 66811, 66 6166 1111·
116166, 6. 66616 11111011 616661666 1161666 11166616 1161616166 vrum 666666(666111666661)116116. 6161666666 66-
1011· myrto v 666166. 166661116666166666111116616616ΠΜ
116116 6 willan. N 10. .
word, 6 6616616 1711 1811 6166111666 1 611111, 61. 661661 61161661 6116166166 mila
11611 1811 1161111666 verbosum 66111166 1161 616161 1711· 6161, 6. 6161616 1011· 1111 1811 66666116 6111116 Hm 1, 841.
Hm 1, 110. 6611111666 respondere 1711· 11616661 6 uror. 66166116661111161 1161 1, 1411166 66666-
varim 11611166 666616 1161166666 666661 11661617116111111 11661 161114, 66. 666 = Pom M-
66661 1811 1111011· 111 6116616 6 6166. 6161 116 70 611166 68666 J 611116 616666
11616116 wer. 66166 66166 6. 666 61166 6661 1811 1411 AEtfnpaae 18666666616166611666 1011·
mutu wrogom 66666616. 66116166 66666611 18 11· 11 166166. 1666166 6611666161811·
6166661661, 66616116. yrmn 666 (am monumen) = 1661166611(661616116661116611) 661·
11166666 611686 (111666 1116666 166666) tepere. cumn 1166161616111111116166161 1611. 666666666 66611666 16 611166 666616
616111666666111614116881111081 61666116 1111 Syrum 6166161116 6166116· 10111· 6661661, 6. s. 6666116666 1111 1111
1111166 (11111 miton 1111166) 66116616. 6111166 1611·(Υ661166166616666111661166666 161611 166661, 61. 11 66611666 1011

66116616 1111111181111 gentian 6611- SM 860. hayman percurrere 1611 1811 ’66666166 161111 616666 666666 (60616 ’

- 6661811661111,6. seriptum 61 gemitu 6. 61666 66 16666616 1611 B 67 66616 6666616611 141 1611* 6111111411 11111111
1116166 1711· 616166 6161 Hm 1, 881. gerinum 6611666 16 666661 6161161· 1811· 61616666 poenum

11666, s. 1116666161 1811 1611 66666166 6661666 6666616166 8111 = 66- 1011·

11611161,661611’61711·11 1111661666 1161- 166666 16 8711 11811· 6616161666 1116- 66816 66611.
dor 1161 1,164. 6611616616, 61 661666 6611116 666116 1611 1611 6686 (6666 66166 66666) 61116616 6166611116
6161161 Hm 1, 60 661666 martyrum (omm- 6116,6.111611’161. 1116611616 bem 1111 Hm profluere == 666666 (16616 61 1661161611)
61611. 16 Vitae 1616161 16 661666 et 11666· 1, 11. 111 11611, 110 1666666 11611,444.61666
hymni 161611 66161). 161661166166 7110 v 1616. 6666161· 61661 1611661 6111·
1116116111.1161661666616661611666166616 6166166166. ’ 6686116 1166616661 111711 6606161116 16111-
1161 1, 14 = 6611618616666166 111 ge· 616161 11611, 604. 6666116 61. 6 tenebrae

' 116111616616166 66166661 Η6 104 661161- · 10111811· 1666661666666616161611 11
1161661666 decoratus 1164766161161666- 6616661661711111111666666666166616 7111116616166661611681166666161116111·
661616611611 1116 106. 61 61 171111· 66611, 61. 661661 1111 = 66616 10811 66-

munt consuetudo 181· 1611666116 6611166166 16661 consentiens Κ 1,111. gap-fian 666166- 661661 16161161 1111· 6661, t. 66111 1111
661161611116611166 111111. 66666666 de· 111616616661161116111111· 161· Os 1616661116 (61666116). 66666666
1611666 1811· 6666116661161666616616661- 661161· 1111 661 661 1 661161· 661· 1811 1666116 6661666616 661181661161666166
166611611 11611,181 666666661166111- 66161161661116 1611 61166 16 16 1111 subdere 11670 666616661661666611666 1111
6111616101·11661661666116666116116616· 611116161111618111113661116166616- 18 6666166611 66661161 6116166161 171111
616166171111118116616616616116611616 11661 Ha 11 111 Hm 1, 110 661616181611666116111881·

101 1161 1, 440. 6616666166 permanere 666 66 6166 66 6111661 eo 616611 1111 16116 666 6666 616 616 6616 666. 666 61666 646 616
1111· 6116666 6166116 1011 Hm 1, 10) 6 ab eo 666 on 6116 1661666 dege 1411· 666 61166 616161 61666 61666 dat 616661

 

